# Datafile for ShellyLib, the ShellShapeGenerator.
alpha:87.000000
beta:3.000000
phi:1.000000
my:1.000000
omega:1.000000
omin:0.000000
omax:3300.000000
od:8.000000
smin:-180.000000
smax:100.000000
sd:8.000000
A:5.500000
a:1.300000
b:1.500000
P:0.000000
L:0.200000
N:10.200000
W1:90.000000
W2:13.000000
Nstart:0.000000
P2:20.000000
L2:0.180000
N2:10.200000
W12:5.000000
W22:5.000000
Off2:0.000000
Nstart2:0.000000
P3:-20.000000
L3:0.200000
N3:10.200000
W13:5.000000
W23:5.000000
Off3:0.000000
Nstart3:0.000000
wall:0.100000
wlen:180.000000
Scale:0.200000
SkipOStart:0.000000
SkipOEnd:0.000000
SkipSStart:0.000000
SkipSEnd:0.000000
Hdo:0.150000
Hds:0.150000
Scano:0.100000
Scans:0.100000
NORMAL
