# Datafile for ShellyLib, the ShellShapeGenerator.
alpha:48.000000
beta:90.000000
phi:0.000000
my:0.000000
omega:0.000000
omin:0.000000
omax:360.000000
od:20.000000
smin:-180.000000
smax:200.000000
sd:30.000000
A:1.100000
a:1.000000
b:1.000000
P:0.000000
L:0.000000
N:0.000000
W1:10.000000
W2:10.000000
Nstart:0.000000
P2:0.000000
L2:0.000000
N2:0.000000
W12:30.000000
W22:30.000000
Off2:0.000000
Nstart2:0.000000
P3:0.000000
L3:0.000000
N3:0.000000
W13:30.000000
W23:30.000000
Off3:0.000000
Nstart3:0.000000
wall:0.100000
wlen:250.000000
Scale:0.010000
SkipOStart:0.000000
SkipOEnd:0.000000
SkipSStart:0.000000
SkipSEnd:0.000000
Hdo:0.150000
Hds:0.150000
Scano:0.100000
Scans:0.100000
GCx:-1.062500
GCy:-0.006250

GCx:-0.968750
GCy:0.475000

GCx:-0.806250
GCy:0.643750

GCx:-0.681250
GCy:0.856250

GCx:-0.493750
GCy:0.893750

GCx:-0.475000
GCy:1.043750

GCx:-0.300000
GCy:1.050000

GCx:-0.187500
GCy:1.168750

GCx:-0.068750
GCy:1.087500

GCx:0.031250
GCy:1.187500

GCx:0.112500
GCy:1.062500

GCx:0.250000
GCy:1.106250

GCx:0.293750
GCy:0.968750

GCx:0.462500
GCy:1.000000

GCx:0.487500
GCy:0.862500

GCx:0.650000
GCy:0.856250

GCx:0.618750
GCy:0.718750

GCx:0.768750
GCy:0.693750

GCx:0.737500
GCy:0.550000

GCx:0.887500
GCy:0.543750

GCx:0.825000
GCy:0.418750

GCx:0.968750
GCy:0.368750

GCx:0.893750
GCy:0.237500

GCx:1.031250
GCy:0.150000

GCx:0.931250
GCy:0.050000

GCx:1.043750
GCy:-0.050000

GCx:0.918750
GCy:-0.112500

GCx:1.025000
GCy:-0.225000

GCx:0.900000
GCy:-0.293750

GCx:0.987500
GCy:-0.412500

GCx:0.843750
GCy:-0.456250

GCx:0.918750
GCy:-0.587500

GCx:0.775000
GCy:-0.612500

GCx:0.812500
GCy:-0.762500

GCx:0.668750
GCy:-0.787500

GCx:0.687500
GCy:-0.931250

GCx:0.543750
GCy:-0.962500

GCx:0.531250
GCy:-1.100000

GCx:0.381250
GCy:-1.118750

GCx:0.318750
GCy:-1.237500

GCx:0.181250
GCy:-1.187500

GCx:0.100000
GCy:-1.293750

GCx:-0.031250
GCy:-1.218750

GCx:-0.150000
GCy:-1.293750

GCx:-0.275000
GCy:-1.212500

GCx:-0.443750
GCy:-1.237500

GCx:-0.556250
GCy:-1.087500

GCx:-0.731250
GCy:-1.006250

GCx:-0.793750
GCy:-0.812500

GCx:-0.918750
GCy:-0.668750

GCx:-0.987500
GCy:-0.450000

GCx:-1.062500
GCy:0.012500

GCURVE
