# Datafile for ShellyLib, the ShellShapeGenerator.
alpha:48.000000
beta:90.000000
phi:0.000000
my:0.000000
omega:0.000000
omin:0.000000
omax:360.000000
od:10.000000
smin:-180.000000
smax:200.000000
sd:30.000000
A:0.800000
a:1.000000
b:1.000000
P:0.000000
L:0.000000
N:0.000000
W1:10.000000
W2:10.000000
Nstart:0.000000
P2:0.000000
L2:0.000000
N2:0.000000
W12:30.000000
W22:30.000000
Off2:0.000000
Nstart2:0.000000
P3:0.000000
L3:0.000000
N3:0.000000
W13:30.000000
W23:30.000000
Off3:0.000000
Nstart3:0.000000
wall:0.000000
wlen:180.000000
Scale:0.010000
SkipOStart:0.000000
SkipOEnd:0.000000
SkipSStart:0.000000
SkipSEnd:0.000000
Hdo:0.150000
Hds:0.150000
Scano:0.100000
Scans:0.100000
GCx:-0.850000
GCy:0.000000

GCx:-0.575000
GCy:0.712500

GCx:-0.262500
GCy:1.087500

GCx:-0.025000
GCy:1.012500

GCx:0.200000
GCy:1.162500

GCx:0.325000
GCy:0.912500

GCx:0.612500
GCy:0.937500

GCx:0.612500
GCy:0.650000

GCx:0.912500
GCy:0.675000

GCx:0.837500
GCy:0.375000

GCx:1.112500
GCy:0.250000

GCx:0.900000
GCy:-0.012500

GCx:1.125000
GCy:-0.237500

GCx:0.862500
GCy:-0.400000

GCx:1.000000
GCy:-0.662500

GCx:0.687500
GCy:-0.775000

GCx:0.687500
GCy:-1.062500

GCx:0.412500
GCy:-1.050000

GCx:0.262500
GCy:-1.287500

GCx:0.012500
GCy:-1.162500

GCx:-0.237500
GCy:-1.225000

GCx:-0.637500
GCy:-0.675000

GCx:-0.850000
GCy:0.000000

GCURVE
