# Datafile for ShellyLib, the ShellShapeGenerator.
alpha:84.000000
beta:-19.000000
phi:45.000000
my:1.000000
omega:-2.000000
omin:0.000000
omax:1100.000000
od:16.000000
smin:-80.000000
smax:20.000000
sd:3.000000
A:47.800000
a:40.000000
b:14.000000
P:0.000000
L:8.000000
N:8.000000
W1:6.000000
W2:27.000000
Nstart:0.000000
P2:0.000000
L2:0.000000
N2:0.000000
W12:30.000000
W22:30.000000
Off2:0.000000
Nstart2:0.000000
P3:0.000000
L3:0.000000
N3:0.000000
W13:30.000000
W23:30.000000
Off3:0.000000
Nstart3:0.000000
wall:0.000000
wlen:180.000000
Scale:0.020000
SkipOStart:0.000000
SkipOEnd:0.000000
SkipSStart:0.000000
SkipSEnd:0.000000
Hdo:0.150000
Hds:0.150000
Scano:0.100000
Scans:0.100000
NORMAL
