# Datafile for ShellyLib, the ShellShapeGenerator.
# Generated by Shell-Laboratory.
alpha:80.000000
beta:40.000000
phi:55.000000
my:10.000000
omega:30.000000
omin:0.000000
omax:950.000000
od:35.000000
smin:-270.000000
smax:140.000000
sd:34.000000
A:25.000000
a:12.000000
b:16.000000
P:0.000000
L:0.000000
N:0.000000
W1:0.000000
W2:0.000000
Nstart:0.000000
P2:0.000000
L2:0.000000
N2:0.000000
W12:30.000000
W22:30.000000
Off2:0.000000
Nstart2:0.000000
P3:0.000000
L3:0.000000
N3:0.000000
W13:30.000000
W23:30.000000
Off3:0.000000
Nstart3:0.000000
Scale:0.020000
SkipOStart:0.000000
SkipOEnd:0.000000
SkipSStart:0.000000
SkipSEnd:0.000000
Hdo:0.150000
Hds:0.150000
Scano:0.100000
Scans:0.100000
