# Datafile for ShellyLib, the ShellShapeGenerator.
alpha:85.000000
beta:0.000000
phi:0.000000
my:0.000000
omega:0.000000
omin:0.000000
omax:900.000000
od:20.000000
smin:-180.000000
smax:180.000000
sd:18.000000
A:0.100000
a:1.230000
b:1.230000
P:0.000000
L:0.000000
N:0.000000
W1:30.000000
W2:30.000000
Nstart:0.000000
P2:0.000000
L2:0.000000
N2:0.000000
W12:30.000000
W22:30.000000
Off2:0.000000
Nstart2:0.000000
P3:0.000000
L3:0.000000
N3:0.000000
W13:30.000000
W23:30.000000
Off3:0.000000
Nstart3:0.000000
wall:0.100000
wlen:180.000000
Scale:0.770000
SkipOStart:0.000000
SkipOEnd:0.000000
SkipSStart:0.000000
SkipSEnd:0.000000
Hdo:0.150000
Hds:0.150000
Scano:0.100000
Scans:0.100000
GCx:0.000000
GCy:-2.650000

GCx:0.125000
GCy:-2.650000

GCx:0.209725
GCy:-2.115290

GCx:0.452562
GCy:-1.648500

GCx:0.762500
GCy:-1.337500

GCx:1.072440
GCy:-1.011000

GCx:1.304810
GCy:-0.708700

GCx:1.379810
GCy:-0.428800

GCx:1.259940
GCy:-0.126500

GCx:0.925000
GCy:0.025000

GCx:0.452562
GCy:0.023500

GCx:0.145186
GCy:-0.128800

GCx:0.000000
GCy:-0.500000

GCURVE
