# Datafile for ShellyLib, the ShellShapeGenerator.
alpha:86.000000
beta:56.000000
phi:0.000000
my:0.000000
omega:0.000000
omin:0.000000
omax:2000.000000
od:30.000000
smin:-180.000000
smax:180.000000
sd:18.000000
A:0.300000
a:1.000000
b:1.000000
P:0.000000
L:0.000000
N:0.000000
W1:30.000000
W2:30.000000
Nstart:0.000000
P2:0.000000
L2:0.000000
N2:0.000000
W12:30.000000
W22:30.000000
Off2:0.000000
Nstart2:0.000000
P3:0.000000
L3:0.000000
N3:0.000000
W13:30.000000
W23:30.000000
Off3:0.000000
Nstart3:0.000000
wall:0.150000
wlen:180.000000
Scale:0.190000
SkipOStart:0.000000
SkipOEnd:0.000000
SkipSStart:0.000000
SkipSEnd:0.000000
Hdo:0.150000
Hds:0.150000
Scano:0.100000
Scans:0.100000
GCx:-0.068750
GCy:0.006250

GCx:0.143750
GCy:0.006250

GCx:0.275000
GCy:-0.100000

GCx:0.400000
GCy:-0.206250

GCx:0.387500
GCy:-0.275000

GCx:0.306250
GCy:-0.262500

GCx:0.256250
GCy:-0.318750

GCx:0.187500
GCy:-0.275000

GCx:0.012500
GCy:-0.275000

GCx:-0.075000
GCy:-0.087500

GCURVE
