# Datafile for ShellyLib, the ShellShapeGenerator.
# Generated by Shell-Laboratory.
alpha:84.000000
beta:90.000000
phi:1.000000
my:1.000000
omega:1.000000
omin:0.000000
omax:740.000000
od:5.000000
smin:-170.000000
smax:170.000000
sd:15.000000
A:2.500000
a:1.000000
b:1.000000
P:0.000000
L:1.000000
N:15.000000
W1:40.000000
W2:30.000000
Nstart:0.000000
P2:60.000000
L2:1.000000
N2:15.000000
W12:40.000000
W22:20.000000
Off2:12.000000
Nstart2:0.000000
P3:-60.000000
L3:1.000000
N3:15.000000
W13:40.000000
W23:20.000000
Off3:12.000000
Nstart3:0.000000
Scale:0.410000
SkipOStart:0.000000
SkipOEnd:0.000000
SkipSStart:0.000000
SkipSEnd:0.000000
Hdo:0.150000
Hds:0.150000
Scano:0.100000
Scans:0.100000
