# Datafile for ShellyLib, the ShellShapeGenerator.
# Generated by Shell-Laboratory.
alpha:88.000000
beta:5.000000
phi:55.000000
my:1.000000
omega:0.000000
omin:0.000000
omax:3600.000000
od:23.000000
smin:-200.000000
smax:70.000000
sd:15.000000
A:10.000000
a:1.300000
b:1.500000
P:0.000000
L:0.000000
N:0.000000
W1:0.000000
W2:0.000000
Nstart:0.000000
P2:0.000000
L2:0.000000
N2:0.000000
W12:30.000000
W22:30.000000
Off2:0.000000
Nstart2:0.000000
P3:0.000000
L3:0.000000
N3:0.000000
W13:30.000000
W23:30.000000
Off3:0.000000
Nstart3:0.000000
Scale:0.200000
SkipOStart:0.000000
SkipOEnd:0.000000
SkipSStart:0.000000
SkipSEnd:0.000000
Hdo:0.150000
Hds:0.150000
Scano:0.100000
Scans:0.100000


