# Datafile for ShellyLib, the ShellShapeGenerator.
alpha:45.000000
beta:90.000000
phi:0.000000
my:0.000000
omega:0.000000
omin:0.000000
omax:360.000000
od:10.000000
smin:-180.000000
smax:200.000000
sd:30.000000
A:0.500000
a:0.500000
b:0.800000
P:0.000000
L:0.000000
N:0.000000
W1:10.000000
W2:10.000000
Nstart:0.000000
P2:0.000000
L2:0.000000
N2:0.000000
W12:30.000000
W22:30.000000
Off2:0.000000
Nstart2:0.000000
P3:0.000000
L3:0.000000
N3:0.000000
W13:30.000000
W23:30.000000
Off3:0.000000
Nstart3:0.000000
wall:0.000000
wlen:180.000000
Scale:0.010000
SkipOStart:0.000000
SkipOEnd:0.000000
SkipSStart:0.000000
SkipSEnd:0.000000
Hdo:0.150000
Hds:0.150000
Scano:0.100000
Scans:0.100000
NORMAL
