# Datafile for ShellyLib, the ShellShapeGenerator.
alpha:86.000000
beta:28.000000
phi:1.000000
my:1.000000
omega:1.000000
omin:0.000000
omax:1310.000000
od:40.000000
smin:-180.000000
smax:180.000000
sd:20.000000
A:1.200000
a:1.500000
b:1.500000
P:0.000000
L:0.000000
N:0.000000
W1:30.000000
W2:30.000000
Nstart:0.000000
P2:0.000000
L2:0.000000
N2:0.000000
W12:30.000000
W22:30.000000
Off2:0.000000
Nstart2:0.000000
P3:0.000000
L3:0.000000
N3:0.000000
W13:30.000000
W23:30.000000
Off3:0.000000
Nstart3:0.000000
wall:0.000000
wlen:180.000000
Scale:0.400000
SkipOStart:0.000000
SkipOEnd:0.000000
SkipSStart:0.000000
SkipSEnd:0.000000
Hdo:0.150000
Hds:0.150000
Scano:0.100000
Scans:0.100000
GCx:0.000000
GCy:0.000000

GCx:0.500000
GCy:0.200000

GCx:1.025000
GCy:0.075000

GCx:1.200000
GCy:-0.325000

GCx:1.175000
GCy:-0.850000

GCx:0.975000
GCy:-1.475000

GCx:0.725000
GCy:-2.225000

GCx:0.450000
GCy:-3.050000

GCx:0.000000
GCy:-4.250000

GCURVE
