# Datafile for ShellyLib, the ShellShapeGenerator.
alpha:85.000000
beta:0.000000
phi:0.000000
my:0.000000
omega:0.000000
omin:0.000000
omax:1800.000000
od:20.000000
smin:-180.000000
smax:180.000000
sd:18.000000
A:0.100000
a:1.230000
b:1.230000
P:0.000000
L:0.000000
N:0.000000
W1:30.000000
W2:30.000000
Nstart:0.000000
P2:0.000000
L2:0.000000
N2:0.000000
W12:30.000000
W22:30.000000
Off2:0.000000
Nstart2:0.000000
P3:0.000000
L3:0.000000
N3:0.000000
W13:30.000000
W23:30.000000
Off3:0.000000
Nstart3:0.000000
wall:0.100000
wlen:180.000000
Scale:0.200000
SkipOStart:0.000000
SkipOEnd:0.000000
SkipSStart:0.000000
SkipSEnd:0.000000
Hdo:0.150000
Hds:0.150000
Scano:0.100000
Scans:0.100000
GCx:0.000000
GCy:-2.650000

GCx:0.125000
GCy:-2.650000

GCx:0.162500
GCy:-2.312500

GCx:0.250000
GCy:-2.187500

GCx:0.222225
GCy:-2.040290

GCx:0.347225
GCy:-1.952790

GCx:0.372225
GCy:-1.790290

GCx:0.527562
GCy:-1.711000

GCx:0.552562
GCy:-1.536000

GCx:0.727563
GCy:-1.498500

GCx:0.762500
GCy:-1.337500

GCx:0.925000
GCy:-1.275000

GCx:0.975000
GCy:-1.112500

GCx:1.134940
GCy:-1.073500

GCx:1.147440
GCy:-0.911000

GCx:1.303690
GCy:-0.848500

GCx:1.272440
GCy:-0.711000

GCx:1.373560
GCy:-0.621200

GCx:1.329810
GCy:-0.502450

GCx:1.423560
GCy:-0.427450

GCx:1.336060
GCy:-0.335050

GCx:1.379810
GCy:-0.216300

GCx:1.254810
GCy:-0.172550

GCx:1.241190
GCy:-0.045250

GCx:1.116190
GCy:-0.064000

GCx:1.103690
GCy:0.054750

GCx:0.950000
GCy:0.012500

GCx:0.862500
GCy:0.112500

GCx:0.725000
GCy:0.050000

GCx:0.575000
GCy:0.050000

GCx:0.452562
GCy:0.023500

GCx:0.277562
GCy:-0.039000

GCx:0.095186
GCy:-0.178800

GCx:0.000000
GCy:-0.500000

GCURVE
